05230250	12032023	090958
24454315	12032023	090946
24454315	12032023	090813
24454315	12032023	090810
24454997	12032023	090709
00039516	12032023	090707
05230250	12032023	090746
24455079	12032023	090652
24454407	12032023	090637
05231387	12032023	090618
05231387	12032023	090615
05230250	12032023	095944
05230250	12032023	095935
24454339	12032023	095752
24454407	12032023	095606
24455126	12032023	095643
24455126	12032023	095640
24454407	12032023	095558
05230250	12032023	095526
24455079	12032023	095312
10757030	12032023	095250
03647683	12032023	095109
24455001	12032023	095137
24453583	12032023	095031
24453583	12032023	095021
03630705	12032023	090528
03630705	12032023	090525
24430682	12032023	090523
24430682	12032023	090520
24454945	12032023	090516
24455079	12032023	090515
24454945	12032023	090514
24453583	12032023	094934
01028457	12032023	094807
24453583	12032023	094845
24454339	12032023	094727
05230250	12032023	094721
00044609	12032023	094632
24454339	12032023	094615
24454339	12032023	094614
24454339	12032023	094540
24453583	12032023	094530
00041386	12032023	094501
24422033	12032023	094405
24454339	12032023	094402
90000011	12032023	094301
24454997	12032023	094143
24454339	12032023	094126
24455001	12032023	094052
10757030	12032023	090439
10756562	12032023	090415
03010180	12032023	093708
24454997	12032023	093718
24454997	12032023	093509
24454339	12032023	093525
24454997	12032023	093406
24454915	12032023	093349
00036297	12032023	093253
03010180	12032023	093153
24455131	12032023	093056
24454339	12032023	093022
09800383	12032023	090305
00046294	12032023	090346
04052054	12032023	090337
09800383	12032023	090303
10757030	12032023	090320
07046329	12032023	090313
07046329	12032023	090310
24454915	12032023	092958
24454339	12032023	092904
05234337	12032023	092806
24454945	12032023	092859
05230250	12032023	092829
05230250	12032023	092822
24454339	12032023	092802
24454339	12032023	092759
24454339	12032023	092756
05234337	12032023	092754
13013770	12032023	092643
90000011	12032023	092640
24454339	12032023	092559
24454339	12032023	092559
24455117	12032023	092500
24455126	12032023	092453
24454339	12032023	092421
24454339	12032023	092420
24454339	12032023	092414
24454997	12032023	092401
13013770	12032023	092350
24454339	12032023	092328
24454997	12032023	092311
24454915	12032023	092250
24454997	12032023	092244
24454339	12032023	092242
24454915	12032023	092155
24454339	12032023	092004
05234337	12032023	092023
05230075	12032023	092016
10756562	12032023	090259
24455135	12032023	090224
24454945	12032023	090220
24455135	12032023	090217
90000011	12032023	091949
24453856	12032023	091934
02611231	12032023	091844
02611231	12032023	091841
24453856	12032023	091758
00043625	12032023	091754
24454515	12032023	091753
00043625	12032023	091647
07046974	12032023	091557
24454915	12032023	091552
24453856	12032023	091548
24454915	12032023	091543
90000011	12032023	091515
24454339	12032023	091450
00409276	12032023	091329
24454915	12032023	091314
90000011	12032023	091231
00041386	12032023	091226
00409276	12032023	091223
13058695	12032023	091220
24430682	12032023	091127
00003021	12032023	091120
24453700	12032023	091116
24453700	12032023	091114
24453700	12032023	091008
24453700	12032023	091006
05231392	12032023	091055
90000011	12032023	091050
05231392	12032023	091037
00038892	12032023	090106
03010180	12032023	090143
00038892	12032023	090104
00033642	12032023	090137
00033642	12032023	090135
24454945	12032023	090120
24454945	12032023	090118
24455135	12032023	090115
02227409	12032023	090057
19821130	12032023	090016
24453583	12032023	085909
19821130	12032023	085906
25218679	12032023	085943
25218679	12032023	085941
24454310	12032023	085938
19821130	12032023	085903
00045309	12032023	085929
24455161	12032023	085902
05317179	12032023	085859
05317179	12032023	085856
00039388	12032023	085850
00039388	12032023	085848
24454984	12032023	085847
11047442	12032023	085838
06452296	12032023	085827
05230250	12032023	085827
24454310	12032023	085819
24454310	12032023	085816
24453583	12032023	085811
07039380	12032023	085801
07039380	12032023	085759
09823438	12032023	085756
24455161	12032023	085747
06452296	12032023	085704
00350170	12032023	085736
24454984	12032023	085734
24455001	12032023	085734
24455001	12032023	085723
05230250	12032023	085719
00350170	12032023	085716
00350170	12032023	085712
06452296	12032023	085701
00031184	12032023	085608
24436413	12032023	085633
24455126	12032023	085603
24455126	12032023	085602
00000020	12032023	085616
24455126	12032023	085558
24455126	12032023	085549
24455126	12032023	085546
24455126	12032023	085542
00003015	12032023	085527
12734541	12032023	085518
00033332	12032023	085501
24454997	12032023	085449
24455126	12032023	085445
00350170	12032023	085438
00350170	12032023	085435
00350170	12032023	085432
05229860	12032023	085424
24455001	12032023	085421
24454997	12032023	085421
24454997	12032023	085414
24454997	12032023	085410
24455001	12032023	085401
00033332	12032023	085400
09807354	12032023	085343
21230521	12032023	085340
03647683	12032023	085326
24436413	12032023	085315
24436413	12032023	085312
02240415	12032023	085242
00033079	12032023	085223
24455001	12032023	085146
00029136	12032023	085139
00029136	12032023	085137
24422033	12032023	085135
12935963	12032023	085133
00042938	12032023	085103
15049368	12032023	085127
07046913	12032023	085055
15049368	12032023	085004
05230104	12032023	085039
00043981	12032023	085037
00043981	12032023	085034
00037165	12032023	085014
00002437	12032023	085010
15049368	12032023	085001
24422033	12032023	084946
24455159	12032023	084942
24422033	12032023	084942
24422033	12032023	084940
24422033	12032023	084937
24454314	12032023	084936
00033080	12032023	084936
00033080	12032023	084933
07452247	12032023	084921
07452247	12032023	084918
14116825	12032023	084910
24453856	12032023	084818
12708629	12032023	084709
90000011	12032023	084708
12708629	12032023	084706
20020648	12032023	084753
24454314	12032023	084746
24454314	12032023	084743
24455131	12032023	084658
00042936	12032023	084647
00042936	12032023	084644
00043991	12032023	084634
24444977	12032023	084624
11102261	12032023	084622
90000011	12032023	084507
90000011	12032023	084504
00038907	12032023	084409
00036602	12032023	084421
00036602	12032023	084418
00036602	12032023	084415
00042475	12032023	084412
00038907	12032023	084412
00031414	12032023	084344
00040696	12032023	084317
00000015	12032023	084209
00033640	12032023	084239
01051659	12032023	084212
00040700	12032023	084132
24454407	12032023	084008
05234337	12032023	084053
00038608	12032023	084041
24454407	12032023	084000
00044610	12032023	083956
05234337	12032023	083938
05234337	12032023	083933
05234337	12032023	083930
00040857	12032023	083917
00044781	12032023	083901
00040857	12032023	083759
00037984	12032023	083734
00037984	12032023	083732
24454997	12032023	083527
24453831	12032023	083502
24453831	12032023	083459
24453831	12032023	083456
24453831	12032023	083453
02241268	12032023	083342
12712808	12032023	083303
00036297	12032023	083209
00044609	12032023	083206
01007969	12032023	083202
00044888	12032023	083212
23737241	12032023	083153
00032219	12032023	083129
00000443	12032023	083041
03831639	12032023	083019
24455001	12032023	083015
24455001	12032023	083014
24455001	12032023	083013
24455001	12032023	083001
90000010	12032023	080336
24454339	12032023	082909
24454339	12032023	082908
24454339	12032023	082906
24454339	12032023	082905
24454997	12032023	082947
24455001	12032023	082942
07862895	12032023	082940
07862895	12032023	082938
24455001	12032023	082934
00044169	12032023	082929
24454339	12032023	082922
24454339	12032023	082921
24455001	12032023	082902
24454339	12032023	082919
24454339	12032023	082916
24454339	12032023	082911
24454339	12032023	082910
24454339	12032023	082910
24455001	12032023	082855
24455159	12032023	082848
00044782	12032023	082845
00044782	12032023	082842
03827880	12032023	082838
03827880	12032023	082835
21305146	12032023	082833
21305146	12032023	082830
21305146	12032023	082827
03831639	12032023	082824
09800431	12032023	082823
09800431	12032023	082820
09800431	12032023	082818
24454915	12032023	082814
24454407	12032023	082709
24454915	12032023	082709
11462361	12032023	082746
11462361	12032023	082742
24454339	12032023	082732
00033925	12032023	082702
00034498	12032023	082609
09762619	12032023	082607
00310447	12032023	082654
07901105	12032023	082652
00310447	12032023	082651
09762619	12032023	082605
00040889	12032023	082643
00040889	12032023	082641
23659030	12032023	082634
23659030	12032023	082631
06533019	12032023	082620
00034498	12032023	082613
24454909	12032023	082612
07901105	12032023	082508
07901105	12032023	082506
24453669	12032023	082548
24453669	12032023	082546
90000007	12032023	082535
03834781	12032023	082503
24454407	12032023	082529
24454407	12032023	082526
00310447	12032023	082524
00029137	12032023	082522
00000198	12032023	082522
00000198	12032023	082519
00039389	12032023	082516
00039389	12032023	082514
24454909	12032023	082511
03834781	12032023	082501
01039135	12032023	082458
01039135	12032023	082456
00045358	12032023	082452
00045254	12032023	082450
19758748	12032023	082430
24454339	12032023	082339
24454339	12032023	082336
00038520	12032023	082303
24454997	12032023	082325
00038520	12032023	082301
24454997	12032023	082247
04052054	12032023	082217
24455001	12032023	082213
24455001	12032023	082211
04052054	12032023	082108
24454997	12032023	082149
19758748	12032023	082144
19758748	12032023	082141
00033078	12032023	082136
00029410	12032023	082133
00042482	12032023	082129
07915267	12032023	082126
00035519	12032023	082121
00044783	12032023	082115
01028457	12032023	082042
90000001	12032023	080249
90000001	12032023	080246
00043329	12032023	081955
00030060	12032023	081848
11113116	12032023	081835
11440760	12032023	081827
00045254	12032023	081650
00045254	12032023	081647
00041264	12032023	081627
02246568	12032023	081624
02246568	12032023	081621
00034159	12032023	081400
00034159	12032023	081357
00029139	12032023	081354
00043980	12032023	081351
07851934	12032023	081002
00029138	12032023	080105
07035966	12032023	080126
08205419	12032023	080123
12631832	12032023	080009
06329293	12032023	080002
24512073	12032023	070748
24512073	12032023	070745
14130175	12032023	075906
06329293	12032023	075956
12147375	12032023	075954
06329293	12032023	075953
23805407	12032023	075946
23843992	12032023	075946
13907699	12032023	075942
16728761	12032023	075903
21922767	12032023	075929
21922767	12032023	075925
00042069	12032023	075924
20132822	12032023	075912
07845906	12032023	075912
00453076	12032023	075901
25219256	12032023	075808
03834807	12032023	075808
06446239	12032023	075807
02643062	12032023	075858
18103813	12032023	075856
00453076	12032023	075853
11555361	12032023	075850
00453076	12032023	075805
08211918	12032023	075805
07851924	12032023	075849
00453076	12032023	075849
00041994	12032023	075840
12806355	12032023	075839
06446928	12032023	075838
00043551	12032023	075837
00041968	12032023	075836
11462896	12032023	075834
23726634	12032023	075832
00453076	12032023	075831
11134817	12032023	075831
15729216	12032023	075830
10743604	12032023	075827
00043720	12032023	075827
24659740	12032023	075824
20337322	12032023	075824
23642511	12032023	075821
06502391	12032023	075820
11541074	12032023	075819
00041766	12032023	075819
08213393	12032023	075816
12458210	12032023	075816
20307812	12032023	075812
12617341	12032023	075811
10219709	12032023	075801
23837107	12032023	075708
12509500	12032023	075707
23826768	12032023	075758
18928004	12032023	075757
10748890	12032023	075757
00453076	12032023	075754
24210827	12032023	075752
00453076	12032023	075751
07749945	12032023	075705
13927881	12032023	075705
00043727	12032023	075747
10755016	12032023	075747
20231447	12032023	075745
12506171	12032023	075741
20260482	12032023	075741
21919353	12032023	075738
08204221	12032023	075736
00042327	12032023	075736
00043943	12032023	075734
01028879	12032023	075732
20149322	12032023	075732
24505651	12032023	075730
10735707	12032023	075703
01022339	12032023	075703
23713426	12032023	075703
24340264	12032023	075729
07859244	12032023	075729
18509376	12032023	075727
00041875	12032023	075727
11609646	12032023	075724
07859244	12032023	075724
24460644	12032023	075724
06510103	12032023	075723
01030746	12032023	075722
14908556	12032023	075719
14857702	12032023	075718
14851469	12032023	075717
01021831	12032023	075717
08254421	12032023	075716
01232709	12032023	075714
13150382	12032023	075713
11809935	12032023	075713
08144333	12032023	075712
23837107	12032023	075711
02243241	12032023	075701
23733408	12032023	075701
00041842	12032023	075700
23822169	12032023	075608
00042829	12032023	075658
24662825	12032023	075658
12628191	12032023	075656
24444164	12032023	075656
14142896	12032023	075654
14902473	12032023	075654
00041508	12032023	075652
14849271	12032023	075651
25315628	12032023	075651
09764253	12032023	075605
00042552	12032023	075649
23734313	12032023	075648
01260623	12032023	075646
12636238	12032023	075645
08944759	12032023	075643
01021878	12032023	075643
25556464	12032023	075642
24431905	12032023	075640
06521781	12032023	075604
01247942	12032023	075637
25235805	12032023	075635
10752633	12032023	075634
00043092	12032023	075632
18134146	12032023	075603
08222638	12032023	075629
06329878	12032023	075625
06533464	12032023	075624
00041823	12032023	075624
10728760	12032023	075623
18845622	12032023	075621
10728760	12032023	075620
11902641	12032023	075602
11539396	12032023	075618
12615822	12032023	075618
00043578	12032023	075616
06449322	12032023	075614
00032821	12032023	075610
15729212	12032023	075600
20321036	12032023	075507
11540546	12032023	075559
11609501	12032023	075558
15726880	12032023	075557
00043954	12032023	075555
24426996	12032023	075554
24444983	12032023	075551
20309052	12032023	075550
16741234	12032023	075543
00043250	12032023	075541
20025385	12032023	075504
06449626	12032023	075535
23707141	12032023	075530
18540785	12032023	075503
21964853	12032023	075528
19817418	12032023	075528
12743971	12032023	075526
02242844	12032023	075526
08208474	12032023	075523
18532617	12032023	075520
01259170	12032023	075520
00043075	12032023	075517
03813553	12032023	075515
00013603	12032023	075512
21931460	12032023	075511
12437450	12032023	075510
02245160	12032023	075500
23828219	12032023	075500
13908454	12032023	075408
14832411	12032023	075406
11527434	12032023	075458
11430248	12032023	075458
08210998	12032023	075457
12616076	12032023	075456
02243628	12032023	075456
07908916	12032023	075455
08211029	12032023	075452
00042213	12032023	075451
00043648	12032023	075449
18104329	12032023	075449
03830309	12032023	075449
10735066	12032023	075447
06454770	12032023	075446
03830309	12032023	075446
20319888	12032023	075444
06454770	12032023	075444
24442501	12032023	075443
08211039	12032023	075404
14130154	12032023	075438
14945564	12032023	075438
10745776	12032023	075435
12626191	12032023	075433
21908817	12032023	075432
00041810	12032023	075430
25102958	12032023	075430
06513909	12032023	075403
24601325	12032023	075428
00027534	12032023	075425
00041990	12032023	075423
13931525	12032023	075422
11102295	12032023	075402
08211918	12032023	075419
12617909	12032023	075417
24805644	12032023	075414
00042340	12032023	075401
23918404	12032023	075401
00042847	12032023	075308
13142719	12032023	075307
12446333	12032023	075359
11806165	12032023	075358
23747336	12032023	075356
01047226	12032023	075354
08129198	12032023	075354
23747336	12032023	075354
12809169	12032023	075352
21945922	12032023	075350
12502761	12032023	075305
07716463	12032023	075348
00042417	12032023	075340
23705539	12032023	075334
16016286	12032023	075303
00041647	12032023	075323
00041825	12032023	075302
23701767	12032023	075319
11558286	12032023	075318
07050996	12032023	075316
11545521	12032023	075315
00042781	12032023	075313
00043371	12032023	075312
08006801	12032023	075310
24643279	12032023	075301
00043482	12032023	075300
00042051	12032023	075208
25101687	12032023	075208
00041564	12032023	075258
00042924	12032023	075257
23919661	12032023	075255
14914257	12032023	075255
11609487	12032023	075252
00045001	12032023	075249
06505589	12032023	075247
02839938	12032023	075246
24217558	12032023	075241
24507572	12032023	075204
12631904	12032023	075232
14839143	12032023	075230
00005476	12032023	075223
16001921	12032023	075222
00043546	12032023	075220
08328260	12032023	075220
00042106	12032023	075202
08907712	12032023	075217
00037110	12032023	075216
23860631	12032023	075215
23957911	12032023	075212
03805668	12032023	075211
20717529	12032023	075211
15704788	12032023	075201
23751252	12032023	075201
10735672	12032023	075200
25119988	12032023	075109
07051691	12032023	075108
00043142	12032023	075108
08223015	12032023	075106
08214295	12032023	075158
07026530	12032023	075158
24318882	12032023	075155
01052061	12032023	075153
16318419	12032023	075150
00042789	12032023	075147
07045232	12032023	075141
00041955	12032023	075104
01041376	12032023	075139
00043379	12032023	075139
06513328	12032023	075136
14901671	12032023	075133
15852186	12032023	075103
23731784	12032023	075129
03822841	12032023	075128
07851934	12032023	075127
12632915	12032023	075125
07850092	12032023	075124
00042055	12032023	075119
14833137	12032023	075116
23902866	12032023	075114
00043501	12032023	075110
11600775	12032023	075101
03808916	12032023	075009
22005316	12032023	075059
24460831	12032023	075055
10729095	12032023	075054
24215226	12032023	075004
08959236	12032023	075039
13064458	12032023	075035
14901741	12032023	075034
13064458	12032023	075031
14900815	12032023	075025
00041873	12032023	075019
01249972	12032023	075017
13108813	12032023	074908
19710853	12032023	074907
12444550	12032023	074958
24509827	12032023	074952
13912444	12032023	074949
13912444	12032023	074946
24659736	12032023	074942
07855515	12032023	074941
19710853	12032023	074904
07046308	12032023	074938
00041951	12032023	074922
13108813	12032023	074912
19710853	12032023	074911
00037388	12032023	074900
14141230	12032023	074807
23865346	12032023	074851
00043143	12032023	074847
14912092	12032023	074844
25225459	12032023	074843
13131822	12032023	074842
00027463	12032023	074804
11545525	12032023	074831
00041839	12032023	074803
13600388	12032023	074829
23800726	12032023	074801
00027463	12032023	074801
14114872	12032023	074707
11555833	12032023	074756
24426901	12032023	074754
14916340	12032023	074704
20319609	12032023	074736
13916822	12032023	074702
12618543	12032023	074719
12735110	12032023	074711
02245503	12032023	074652
01045221	12032023	074647
02233198	12032023	074641
18208558	12032023	074641
11554637	12032023	074639
24426971	12032023	074630
23833727	12032023	074627
16736490	12032023	074622
11046794	12032023	074619
18132593	12032023	074612
23839379	12032023	074508
25119901	12032023	074558
00043369	12032023	074552
00043373	12032023	074551
23839379	12032023	074504
13862809	12032023	074538
13862809	12032023	074535
18135184	12032023	074502
18135184	12032023	074459
14863730	12032023	074450
00043402	12032023	074447
23719915	12032023	074442
08938940	12032023	074439
13013468	12032023	074436
07501016	12032023	074429
18129182	12032023	074420
12620701	12032023	074402
12733608	12032023	074341
07722468	12032023	074338
02639965	12032023	074322
02639965	12032023	074319
14127343	12032023	074255
24454997	12032023	074214
14018428	12032023	074138
00041798	12032023	074129
19802656	12032023	074110
10744108	12032023	073939
24454997	12032023	073846
06340626	12032023	073835
06340626	12032023	073832
14835474	12032023	073759
14835474	12032023	073758
12721069	12032023	073619
24312676	12032023	073531
24312676	12032023	073528
12751762	12032023	073527
00041999	12032023	073430
06530771	12032023	073330
06530771	12032023	073254
14044279	12032023	073130
14044279	12032023	073125
03830979	12032023	072718
00045254	12032023	071330
00043937	12032023	071041
00043937	12032023	071038
07716395	12032023	070139
00000015	12032023	070039
24455104	12032023	060757
24455104	12032023	060754
24455104	12032023	060751
00045350	12032023	064619
14861692	12032023	061952
14861692	12032023	061950
24455104	12032023	061617
14129780	12032023	061341
24455117	12032023	061103
24455117	12032023	061100
24455117	12032023	061057
24455104	12032023	061051
18102080	12032023	060154
18102080	12032023	060152
12627244	12032023	060144
12627244	12032023	060141
02254427	12032023	060123
12617658	12032023	060027
12617658	12032023	060022
12617658	12032023	060019
03827869	12032023	060017
25135706	12032023	060012
02232840	12032023	055741
02232840	12032023	055740
11605400	12032023	055723
14849253	12032023	055609
14849253	12032023	055608
00043860	12032023	055631
20121352	12032023	055603
00043860	12032023	055627
23827143	12032023	055622
23827143	12032023	055618
23901710	12032023	055616
23901710	12032023	055612
20121352	12032023	055600
20263567	12032023	055549
20263567	12032023	055546
12611086	12032023	055543
14115059	12032023	055503
06519670	12032023	055520
23715500	12032023	055515
23715500	12032023	055512
23851525	12032023	055458
23851525	12032023	055455
25105751	12032023	055453
07050385	12032023	055451
07050385	12032023	055450
11534436	12032023	055443
05357627	12032023	055404
20062249	12032023	055436
20062249	12032023	055433
09820608	12032023	055430
09820608	12032023	055427
00043629	12032023	055424
00043629	12032023	055420
25257257	12032023	055400
25257257	12032023	055357
14863968	12032023	055352
25219284	12032023	055349
25233570	12032023	055345
25101813	12032023	055342
25101813	12032023	055340
24460674	12032023	055304
01237084	12032023	055337
01237084	12032023	055335
25235734	12032023	055332
25101818	12032023	055326
25101818	12032023	055323
25101812	12032023	055319
25101812	12032023	055316
14833206	12032023	055206
23737675	12032023	055251
23737675	12032023	055250
25257377	12032023	055246
25257377	12032023	055243
06449367	12032023	055239
06449367	12032023	055237
25234293	12032023	055232
25234293	12032023	055228
00043614	12032023	055223
00043614	12032023	055221
25101820	12032023	055219
25101820	12032023	055216
25249691	12032023	055108
25249691	12032023	055106
07037858	12032023	055151
07037858	12032023	055148
11538606	12032023	055142
11538606	12032023	055137
00003394	12032023	055133
00003394	12032023	055131
00042939	12032023	055127
00042939	12032023	055124
23752952	12032023	055121
23752952	12032023	055116
00042939	12032023	055114
14926487	12032023	055009
14926487	12032023	055006
19806409	12032023	055049
19806409	12032023	055046
03830993	12032023	055042
03830993	12032023	055039
11562202	12032023	055033
11562202	12032023	055030
24608143	12032023	054948
24608143	12032023	054945
24608143	12032023	054941
24608143	12032023	054938
11439138	12032023	054902
09015902	12032023	054912
00043628	12032023	054808
11439138	12032023	054854
00043628	12032023	054803
07046307	12032023	054818
25259513	12032023	054707
00043628	12032023	054758
18511883	12032023	054753
23848043	12032023	054739
03805639	12032023	054736
14835471	12032023	054726
14835471	12032023	054723
03827479	12032023	054716
03827479	12032023	054715
25259513	12032023	054711
25119978	12032023	054653
25119978	12032023	054648
25119978	12032023	054647
25255874	12032023	054638
25255874	12032023	054635
00043611	12032023	054559
00043611	12032023	054553
06538767	12032023	054546
06538767	12032023	054542
20300897	12032023	054408
20300897	12032023	054406
08151250	12032023	054457
08151250	12032023	054455
20300897	12032023	054405
20300897	12032023	054405
08321656	12032023	054430
25255122	12032023	054423
00043861	12032023	054400
00043861	12032023	054357
07454046	12032023	054353
07454046	12032023	054350
12444616	12032023	054226
12444616	12032023	054223
07050160	12032023	054149
07050160	12032023	054147
22002767	12032023	053912
14114868	12032023	053830
14114868	12032023	053828
00030094	12032023	053717
00030094	12032023	053715
00030094	12032023	053715
00043981	12032023	230821
09015967	12032023	235908
00043643	12032023	235958
07025250	12032023	235956
00043923	12032023	235952
24608141	12032023	235950
23704632	12032023	235905
24462516	12032023	235947
00042912	12032023	235944
00045012	12032023	235942
08905321	12032023	235940
00043351	12032023	235937
14861733	12032023	235935
14850333	12032023	235933
13056169	12032023	235903
00043350	12032023	235929
14134985	12032023	235925
06513806	12032023	235923
06510123	12032023	235921
07758721	12032023	235918
07758721	12032023	235915
09015967	12032023	235912
08905421	12032023	235901
21931329	12032023	235809
08905421	12032023	235858
25112108	12032023	235854
23929841	12032023	235851
21931329	12032023	235805
20309645	12032023	235849
03806113	12032023	235846
07035877	12032023	235844
07035877	12032023	235842
14865405	12032023	235804
03806113	12032023	235836
06446733	12032023	235834
02251616	12032023	235832
24340298	12032023	235831
14865405	12032023	235803
02251616	12032023	235829
23807799	12032023	235827
13019621	12032023	235824
13019621	12032023	235821
03828885	12032023	235819
08231567	12032023	235815
08231567	12032023	235812
00043718	12032023	235741
00043718	12032023	235730
09015825	12032023	235518
09015825	12032023	235515
24455104	12032023	235210
00038520	12032023	230508
00038520	12032023	230506
24454926	12032023	230500
24454926	12032023	230436
24454926	12032023	230335
24454915	12032023	230333
00037388	12032023	231225
00037388	12032023	231223
24454926	12032023	230119
24454926	12032023	230117
24455117	12032023	220705
24454515	12032023	220731
00033337	12032023	225931
00033337	12032023	225931
00033337	12032023	225843
24455117	12032023	225028
00033337	12032023	224951
24454915	12032023	224538
24444977	12032023	220409
24455117	12032023	220403
24444977	12032023	220415
24444977	12032023	220412
24454915	12032023	223448
24454339	12032023	223420
24454339	12032023	223417
24454926	12032023	223353
24444977	12032023	222928
24455001	12032023	220220
24455001	12032023	220217
23839379	12032023	210952
10735672	12032023	210927
00041875	12032023	215948
00041875	12032023	215944
10755016	12032023	215733
10752633	12032023	215546
00041647	12032023	215544
11541074	12032023	215541
11541074	12032023	215538
00041647	12032023	215536
06521781	12032023	215534
06521781	12032023	215530
24454997	12032023	215528
24454997	12032023	215525
01041376	12032023	215447
12446333	12032023	215444
07749945	12032023	215441
11540546	12032023	215436
00042051	12032023	215434
11555833	12032023	215431
24805644	12032023	215429
24318882	12032023	215417
07908916	12032023	215415
11545521	12032023	215401
07850092	12032023	215309
02839938	12032023	215359
14857702	12032023	215357
24505651	12032023	215354
00042327	12032023	215345
00042327	12032023	215342
12735110	12032023	215340
12502761	12032023	215304
08006801	12032023	215336
00042106	12032023	215326
13142719	12032023	215323
06513328	12032023	215318
20319609	12032023	215315
11609646	12032023	215313
24659736	12032023	215311
12502761	12032023	215301
25556464	12032023	215245
13013468	12032023	215240
24454997	12032023	215231
24454997	12032023	215230
24454926	12032023	215125
12444550	12032023	215113
16016286	12032023	215009
24215226	12032023	210545
06340626	12032023	210527
06340626	12032023	210524
15852186	12032023	214954
00043546	12032023	214640
14945564	12032023	214610
06454770	12032023	214535
06454770	12032023	214532
06530771	12032023	214446
06530771	12032023	214436
24454997	12032023	214328
24455117	12032023	214124
24455117	12032023	214024
24454997	12032023	213249
24454997	12032023	213248
24453669	12032023	213234
24455001	12032023	213155
24455001	12032023	213153
24455001	12032023	213022
23826768	12032023	210309
03813553	12032023	210307
00043551	12032023	210359
13916822	12032023	210357
19710853	12032023	210305
24431905	12032023	210343
24460831	12032023	210304
24509827	12032023	210339
08208474	12032023	210336
23837107	12032023	210336
07050996	12032023	210333
23837107	12032023	210333
24444983	12032023	210330
18134146	12032023	210327
00041823	12032023	210325
19710853	12032023	210322
01249972	12032023	210321
00043578	12032023	210302
19710853	12032023	210319
14916340	12032023	210318
19710853	12032023	210315
00043369	12032023	210314
19710853	12032023	210312
24426971	12032023	210311
08205419	12032023	210310
24455001	12032023	212923
24455001	12032023	212921
24455001	12032023	212709
24453669	12032023	212728
24455001	12032023	212724
24454997	12032023	212351
24454997	12032023	212350
12631904	12032023	212258
14130154	12032023	210208
15726880	12032023	210206
09764253	12032023	210259
01238632	12032023	210257
24340264	12032023	210256
00043720	12032023	210253
08211039	12032023	210250
25119901	12032023	210247
24442501	12032023	210245
24460644	12032023	210242
11527434	12032023	210240
16001921	12032023	210204
25102958	12032023	210204
12437450	12032023	210237
01232709	12032023	210235
24426996	12032023	210234
11555361	12032023	210232
12458210	12032023	210230
07059581	12032023	210230
14142896	12032023	210227
24217558	12032023	210225
00042829	12032023	210223
24444164	12032023	210221
01045221	12032023	210202
23957911	12032023	210219
15729212	12032023	210216
00027534	12032023	210214
14851469	12032023	210211
24455001	12032023	211945
12935963	12032023	211528
09807354	12032023	211526
09807354	12032023	211520
09807354	12032023	211518
00031184	12032023	211258
01028457	12032023	211041
01028457	12032023	211038
16318419	12032023	210109
14114872	12032023	210108
02245503	12032023	210106
12616076	12032023	210106
14141230	12032023	210159
10728760	12032023	210159
01259170	12032023	210157
03822841	12032023	210155
00043954	12032023	210152
23719915	12032023	210150
24659740	12032023	210150
14114872	12032023	210105
07851924	12032023	210149
06502391	12032023	210148
24643279	12032023	210146
11134817	12032023	210146
01021878	12032023	210143
10735707	12032023	210142
02243628	12032023	210141
10743604	12032023	210140
25219256	12032023	210138
12615822	12032023	210137
02242844	12032023	210135
12620701	12032023	210133
01022339	12032023	210133
00041842	12032023	210133
06505589	12032023	210130
08222638	12032023	210130
01021831	12032023	210103
00032821	12032023	210103
11609501	12032023	210128
00043371	12032023	210128
13912444	12032023	210125
02643062	12032023	210124
11430248	12032023	210123
01030746	12032023	210121
08204221	12032023	210121
18509376	12032023	210119
06449322	12032023	210118
00041994	12032023	210117
07051691	12032023	210116
00041810	12032023	210115
06329878	12032023	210114
07501016	12032023	210113
06510103	12032023	210111
14901741	12032023	210111
14863835	12032023	210101
00041951	12032023	210101
15704788	12032023	210009
06446928	12032023	210007
14018428	12032023	210058
01247942	12032023	210057
11902641	12032023	210057
25315628	12032023	210055
12721069	12032023	210054
11102295	12032023	210052
18103813	12032023	210052
00037165	12032023	210051
13931525	12032023	210050
00043943	12032023	210005
02245160	12032023	210049
00043727	12032023	210048
12617341	12032023	210047
06533464	12032023	210046
01047226	12032023	210045
06446239	12032023	210044
06449626	12032023	210044
12626191	12032023	210043
03808916	12032023	210042
02639965	12032023	210040
00042552	12032023	210040
01028457	12032023	210038
14908556	12032023	210038
02639965	12032023	210037
08328260	12032023	210035
00043250	12032023	210034
06446239	12032023	210033
18540785	12032023	210030
20321036	12032023	210027
16741234	12032023	210025
23726634	12032023	210025
08211918	12032023	210022
00043379	12032023	210002
08211918	12032023	210019
25101687	12032023	210016
20717529	12032023	210016
00043092	12032023	210014
24601325	12032023	210012
06446928	12032023	210001
24454915	12032023	200952
00042847	12032023	200829
12733608	12032023	200812
00041386	12032023	200750
24454915	12032023	200733
00042069	12032023	200611
00042055	12032023	205909
00041564	12032023	205959
25235805	12032023	205957
00043379	12032023	205957
23860631	12032023	205955
00041968	12032023	205953
06513909	12032023	205952
00043648	12032023	205951
23828219	12032023	205951
12751762	12032023	205949
23701767	12032023	205949
21919353	12032023	205947
00037110	12032023	205946
14914257	12032023	205945
20132822	12032023	205943
07027065	12032023	205941
07046308	12032023	205938
07026530	12032023	205936
02233198	12032023	205935
07026530	12032023	205933
12633422	12032023	205931
12633422	12032023	205928
21922767	12032023	205853
21922767	12032023	205850
14832411	12032023	205846
00013603	12032023	205845
14832411	12032023	205843
18132593	12032023	205834
11545525	12032023	205831
18129182	12032023	205811
11545525	12032023	205800
14142941	12032023	205754
00042534	12032023	205752
03830979	12032023	205749
14835474	12032023	205747
14835474	12032023	205746
14044279	12032023	205736
14044279	12032023	205733
14044279	12032023	205730
24454997	12032023	205506
13064458	12032023	205539
13064458	12032023	205536
24454997	12032023	204254
24454915	12032023	204225
00043937	12032023	200434
00043937	12032023	200431
03830309	12032023	200413
24454997	12032023	203852
24454997	12032023	203846
24454997	12032023	203459
00043981	12032023	203129
00037388	12032023	203056
00037984	12032023	203053
00040700	12032023	203036
07716463	12032023	200309
11609487	12032023	200352
03830309	12032023	200334
03830309	12032023	200332
25119988	12032023	200301
07046329	12032023	202903
07046329	12032023	202901
24454339	12032023	202833
24454339	12032023	202832
24454339	12032023	202821
24454339	12032023	202821
24454339	12032023	202818
24454339	12032023	202813
24455001	12032023	202735
24455001	12032023	202721
24454997	12032023	202609
09823438	12032023	202607
24454997	12032023	202606
00003015	12032023	202645
00003015	12032023	202638
07039380	12032023	202616
07039380	12032023	202613
24454997	12032023	202610
02246568	12032023	202442
24454997	12032023	202107
24454997	12032023	202100
24454997	12032023	202057
09800383	12032023	202012
13862809	12032023	200259
13862809	12032023	200256
13150382	12032023	200253
00041839	12032023	200250
20307812	12032023	200245
24210827	12032023	200243
18532617	12032023	200242
07716395	12032023	200240
23902866	12032023	200234
23833727	12032023	200229
18650772	12032023	200226
20231447	12032023	200226
18650772	12032023	200222
20025385	12032023	200217
08210998	12032023	200200
00043625	12032023	201957
24454339	12032023	201947
00043625	12032023	201803
00041264	12032023	201725
11462361	12032023	201721
24454915	12032023	201618
24454915	12032023	201615
24454997	12032023	201407
24454915	12032023	201439
24454915	12032023	201435
24454915	12032023	201403
24454915	12032023	201424
00031414	12032023	201309
24454915	12032023	201337
00043625	12032023	201052
11440760	12032023	201040
14127343	12032023	200109
00043373	12032023	200109
25225459	12032023	200156
10744108	12032023	200154
10744108	12032023	200151
00453076	12032023	200149
07133819	12032023	200147
24507572	12032023	200142
11046794	12032023	200129
07045232	12032023	200124
01028879	12032023	200121
01260623	12032023	200102
08938940	12032023	200116
10735066	12032023	200113
23642511	12032023	200111
08144333	12032023	200100
10229597	12032023	200100
08129198	12032023	200009
24454339	12032023	200058
10229597	12032023	200057
12618543	12032023	200057
24454339	12032023	200056
00042340	12032023	200055
10229597	12032023	200055
14901671	12032023	200052
03805668	12032023	200049
24512073	12032023	200047
15729216	12032023	200044
02243241	12032023	200042
00042924	12032023	200038
13600388	12032023	200033
11456804	12032023	200003
20319888	12032023	200022
13013770	12032023	190952
24454339	12032023	190803
00041508	12032023	190821
21931460	12032023	190704
00029137	12032023	190732
13013770	12032023	190722
23731784	12032023	190646
23705539	12032023	190643
23707141	12032023	190631
90000011	12032023	190602
23751252	12032023	195944
00045358	12032023	195943
00045358	12032023	195941
07046913	12032023	195939
11113116	12032023	195937
07046913	12032023	195936
13908454	12032023	195918
07851934	12032023	195900
24454339	12032023	195808
24454339	12032023	195756
24454339	12032023	195754
24454997	12032023	195534
24454997	12032023	195510
24455001	12032023	195448
00037388	12032023	195208
00037388	12032023	195227
14839143	12032023	190554
18208558	12032023	190550
24454515	12032023	190505
11600775	12032023	190535
22005316	12032023	190533
11539396	12032023	190530
11539396	12032023	190527
00045001	12032023	190523
24454515	12032023	190502
14833137	12032023	190519
12636238	12032023	190510
12628191	12032023	190500
24454997	12032023	194852
24454997	12032023	194836
24454342	12032023	194759
24455001	12032023	194725
24454342	12032023	194717
00038907	12032023	194638
24454342	12032023	194517
24454342	12032023	194514
24454342	12032023	194401
24454339	12032023	194241
00033080	12032023	194009
00000443	12032023	194042
24454515	12032023	190457
10729095	12032023	190405
00044610	12032023	190448
08907712	12032023	190445
08214295	12032023	190430
00041825	12032023	190410
24454339	12032023	193958
19802656	12032023	193705
00044888	12032023	193749
01007969	12032023	193746
00044888	12032023	193742
00044888	12032023	193741
00038608	12032023	193740
23737241	12032023	193739
00044609	12032023	193738
00036297	12032023	193733
00036297	12032023	193730
00038892	12032023	193720
00038892	12032023	193718
00043329	12032023	193627
13108813	12032023	193616
01007768	12032023	193314
00033078	12032023	193246
00029410	12032023	193238
24455001	12032023	193014
08223015	12032023	190304
13131822	12032023	190337
16728761	12032023	190328
21908817	12032023	190325
24454997	12032023	190322
14902473	12032023	190321
13907699	12032023	190318
14863730	12032023	190311
07722468	12032023	190301
25218679	12032023	192935
25218679	12032023	192933
00042475	12032023	192931
00042475	12032023	192929
00033642	12032023	192926
00033642	12032023	192923
00045309	12032023	192918
00044169	12032023	192856
00043991	12032023	192852
00029136	12032023	192709
12712808	12032023	192726
00029136	12032023	192711
02241268	12032023	192542
00033079	12032023	192539
00000001	12032023	192302
07855515	12032023	192247
24454997	12032023	192226
21945922	12032023	190208
00043482	12032023	190259
00041990	12032023	190256
00043402	12032023	190254
00029138	12032023	190252
00042213	12032023	190251
08211029	12032023	190251
14900815	12032023	190205
00044783	12032023	190249
24426901	12032023	190248
00044783	12032023	190247
07862895	12032023	190245
08213393	12032023	190242
00043142	12032023	190231
03834807	12032023	190203
00032219	12032023	190221
23843992	12032023	190220
24454997	12032023	190218
23918404	12032023	190217
22005316	12032023	190213
00044610	12032023	191907
80000008	12032023	191959
00044610	12032023	191905
00039516	12032023	191923
07039380	12032023	191843
12734541	12032023	191605
24454997	12032023	191646
24454997	12032023	191546
21230521	12032023	191439
00043980	12032023	191431
00044781	12032023	191427
00040696	12032023	191425
24455117	12032023	191312
00033640	12032023	191040
24454997	12032023	191023
24454997	12032023	191022
24454997	12032023	191014
15049368	12032023	190155
00042781	12032023	190148
12631832	12032023	190123
12809169	12032023	190121
00029139	12032023	190121
08944759	12032023	190102
18104329	12032023	190118
18104329	12032023	190115
12617909	12032023	190112
20309052	12032023	190110
20337322	12032023	190049
24662825	12032023	190047
12743971	12032023	190034
11558286	12032023	190030
00042417	12032023	190027
11809935	12032023	190025
00041999	12032023	190016
00043143	12032023	190013
20260482	12032023	180906
03010180	12032023	180903
01039135	12032023	180928
01039135	12032023	180925
00000198	12032023	180844
00000198	12032023	180838
00000198	12032023	180835
24454407	12032023	180802
24454407	12032023	180755
24454407	12032023	180753
24454407	12032023	180749
03010180	12032023	180741
24454310	12032023	180738
00033332	12032023	180728
24454407	12032023	180651
11462896	12032023	180605
24454407	12032023	180648
07901105	12032023	180642
07901105	12032023	180639
02227409	12032023	180603
02227409	12032023	180600
06452296	12032023	185826
06452296	12032023	185823
24454339	12032023	185757
24454339	12032023	185756
24455001	12032023	185658
06452296	12032023	185654
24455001	12032023	185649
07859244	12032023	185450
00034159	12032023	185446
00034159	12032023	185444
00042482	12032023	185338
00000020	12032023	185320
24455001	12032023	185205
24455001	12032023	185237
00027463	12032023	185134
00027463	12032023	185131
11047442	12032023	185004
24454997	12032023	185010
01051659	12032023	185001
24454310	12032023	180555
14130175	12032023	180550
07845906	12032023	180547
24454310	12032023	180543
00040889	12032023	180538
24455079	12032023	180531
00035519	12032023	180503
24455135	12032023	180529
20020648	12032023	180524
20020648	12032023	180522
10012566	12032023	180519
10012566	12032023	180516
00035519	12032023	180500
03834781	12032023	184943
14116825	12032023	184933
24455001	12032023	184920
02240415	12032023	184807
24455001	12032023	184857
00043991	12032023	184848
24455002	12032023	184846
00043991	12032023	184845
24454908	12032023	184842
00043991	12032023	184842
00043991	12032023	184838
00043991	12032023	184832
00030060	12032023	184829
00043991	12032023	184825
00000001	12032023	184747
09762619	12032023	184621
00409276	12032023	184612
00409276	12032023	184610
24455001	12032023	184516
24455001	12032023	184515
24455001	12032023	184454
00034498	12032023	184304
00034498	12032023	184302
00409276	12032023	184131
10748890	12032023	180407
24454339	12032023	180441
00037388	12032023	180439
24454339	12032023	180438
24454339	12032023	180434
24454339	12032023	180428
24454909	12032023	180424
24455135	12032023	180421
24455001	12032023	183832
06533019	12032023	183756
13010663	12032023	183639
13010663	12032023	183631
00042937	12032023	183621
00042937	12032023	183619
03831639	12032023	183536
24454339	12032023	183522
21305146	12032023	183405
13058695	12032023	183443
05230250	12032023	183424
05230250	12032023	183421
21305146	12032023	183402
00044782	12032023	183353
00044782	12032023	183350
07046974	12032023	183335
07046974	12032023	183333
03827880	12032023	183329
03827880	12032023	183327
24455001	12032023	183208
24455001	12032023	183216
24455104	12032023	183154
05231392	12032023	183151
24454339	12032023	183149
00042936	12032023	183148
00042936	12032023	183145
05230250	12032023	183047
05230250	12032023	183040
07039380	12032023	183028
24454908	12032023	183001
11462361	12032023	183000
00046294	12032023	180358
24455161	12032023	180352
24454339	12032023	180345
24454339	12032023	180342
24454339	12032023	180331
04052054	12032023	180303
90000011	12032023	180303
24454339	12032023	180328
24453700	12032023	180327
24453700	12032023	180324
24453700	12032023	180321
24454347	12032023	180319
05234337	12032023	180317
05234337	12032023	180313
04052054	12032023	180300
24454908	12032023	182906
00037388	12032023	182939
24454908	12032023	182911
24454908	12032023	182910
05231392	12032023	182837
00037388	12032023	182814
13010663	12032023	182724
90000007	12032023	182504
24455001	12032023	182453
24455001	12032023	182448
24430682	12032023	182425
24430682	12032023	182422
24430682	12032023	182420
09800383	12032023	182323
03630705	12032023	182246
03630705	12032023	182244
24430682	12032023	182244
24455001	12032023	182243
24455001	12032023	182155
11113116	12032023	182115
24430682	12032023	182009
00043075	12032023	180242
07915267	12032023	180204
14849271	12032023	180237
24454339	12032023	180215
24430682	12032023	181929
24455079	12032023	181924
00042938	12032023	181830
24455159	12032023	181825
24454339	12032023	181748
24454339	12032023	181747
24455079	12032023	181730
24455159	12032023	181716
24455159	12032023	181712
24455159	12032023	181711
24453831	12032023	181643
01028457	12032023	181642
24455004	12032023	181641
24455004	12032023	181638
00310447	12032023	181629
24455079	12032023	181627
00310447	12032023	181627
24454909	12032023	181617
01028457	12032023	181614
24454997	12032023	181534
24454909	12032023	181526
00409276	12032023	181500
00350170	12032023	181408
00350170	12032023	181405
24454909	12032023	181431
24454909	12032023	181402
24454909	12032023	181358
03647683	12032023	181336
03647683	12032023	181334
24454339	12032023	181146
00044781	12032023	181140
24454339	12032023	181040
24454339	12032023	181030
24454339	12032023	181028
19821130	12032023	180154
19821130	12032023	180151
19758748	12032023	180149
19758748	12032023	180146
23659030	12032023	180104
12632915	12032023	180059
24454407	12032023	180058
10012566	12032023	180041
19758748	12032023	180017
24454339	12032023	170947
24454997	12032023	170947
24454997	12032023	170944
10757030	12032023	170936
00041873	12032023	170912
24454347	12032023	170847
24454339	12032023	170840
12506171	12032023	170803
24454315	12032023	170814
24454315	12032023	170801
10757030	12032023	170753
12806355	12032023	170747
12806355	12032023	170744
23734313	12032023	170608
24454339	12032023	170648
24454339	12032023	170642
24454339	12032023	170642
24454347	12032023	170631
11554637	12032023	170625
24454347	12032023	170622
23865346	12032023	170619
24454997	12032023	175906
04052054	12032023	175950
05230104	12032023	175937
01028457	12032023	175856
24454339	12032023	175835
24455126	12032023	175816
05231392	12032023	175747
24453583	12032023	175739
24454997	12032023	175737
24454984	12032023	175731
05229860	12032023	175609
05229860	12032023	175658
10012566	12032023	175654
24453583	12032023	175653
05317179	12032023	175643
05317077	12032023	175641
05317077	12032023	175638
05317077	12032023	175636
10012566	12032023	175409
10012566	12032023	175406
10012566	12032023	175435
10012566	12032023	175427
10012566	12032023	175424
10012566	12032023	175359
10012566	12032023	175356
10012566	12032023	175345
10012566	12032023	175342
24436413	12032023	175328
24436413	12032023	175328
24436413	12032023	175327
24436413	12032023	175240
24436413	12032023	175240
24436413	12032023	175238
10012566	12032023	175222
10012566	12032023	175217
20020648	12032023	175201
04052054	12032023	175150
24453700	12032023	175137
24455117	12032023	175115
04052054	12032023	175112
24454310	12032023	175101
18928004	12032023	170506
00005476	12032023	170559
07035966	12032023	170552
10745776	12032023	170542
11806165	12032023	170536
00041766	12032023	170519
13927881	12032023	170517
24455001	12032023	174851
04030120	12032023	174842
24454314	12032023	174812
24455079	12032023	174755
24455079	12032023	174752
24455079	12032023	174749
24455079	12032023	174745
04052054	12032023	174737
00043625	12032023	174734
24455079	12032023	174703
00043981	12032023	174608
24455135	12032023	174611
24453583	12032023	174610
24455135	12032023	174600
24455135	12032023	174525
24454339	12032023	174502
24454339	12032023	174502
06452296	12032023	174501
24454339	12032023	174501
24455135	12032023	174406
03010180	12032023	174450
00039389	12032023	174435
00039389	12032023	174432
00037388	12032023	174430
24454347	12032023	174429
00039389	12032023	174428
00039389	12032023	174425
00039389	12032023	174423
00039389	12032023	174420
00039389	12032023	174417
24453583	12032023	174343
03831639	12032023	174336
24453583	12032023	174330
24453583	12032023	174319
24453583	12032023	174316
24454339	12032023	174311
24455001	12032023	174207
13010663	12032023	174205
24453583	12032023	174244
24454339	12032023	174235
24453583	12032023	174228
13010663	12032023	174215
24453583	12032023	174212
24455001	12032023	174201
00044610	12032023	174107
00044610	12032023	174104
00044610	12032023	174131
05231387	12032023	174130
05231387	12032023	174127
00044610	12032023	174118
00044888	12032023	174115
00044610	12032023	174111
00044888	12032023	174101
00044888	12032023	174058
24454984	12032023	174053
00044888	12032023	174051
00409276	12032023	174022
00044888	12032023	174019
24454997	12032023	174019
00044169	12032023	174015
25218679	12032023	170420
14912092	12032023	170416
24454339	12032023	173949
00036297	12032023	173948
00044888	12032023	173926
00044888	12032023	173923
24454339	12032023	173922
24454339	12032023	173922
24454908	12032023	173807
24454908	12032023	173805
24454908	12032023	173804
24455001	12032023	173834
24454339	12032023	173816
24454908	12032023	173801
00310447	12032023	173709
24454908	12032023	173757
24454908	12032023	173753
00409276	12032023	173752
24454908	12032023	173750
05230104	12032023	173736
24454908	12032023	173736
00045358	12032023	173725
24453831	12032023	173722
24455159	12032023	173720
24454997	12032023	173638
24454339	12032023	173620
24455135	12032023	173601
00037388	12032023	173458
24455135	12032023	173430
24454310	12032023	173403
24455135	12032023	173426
24454310	12032023	173244
24455131	12032023	173227
24455131	12032023	173227
24453700	12032023	173109
00037388	12032023	173155
24455126	12032023	173049
18135184	12032023	170305
07039380	12032023	170341
18135184	12032023	170302
09800383	12032023	170312
24454310	12032023	172957
24454310	12032023	172957
24454339	12032023	172949
01028457	12032023	172945
04030120	12032023	172904
24455002	12032023	172938
24455002	12032023	172935
24454310	12032023	172918
07859244	12032023	172820
24454310	12032023	172759
01028457	12032023	172754
24454310	12032023	172746
24454310	12032023	172726
04030120	12032023	172724
24455126	12032023	172718
24455126	12032023	172534
24455126	12032023	172533
24455126	12032023	172531
24454339	12032023	172530
24455126	12032023	172529
24454310	12032023	172526
24455126	12032023	172522
24455126	12032023	172520
00037388	12032023	172510
24455126	12032023	172459
24454342	12032023	172447
24453831	12032023	172446
24454310	12032023	172433
24454984	12032023	172422
24454310	12032023	172402
00037388	12032023	172416
24455001	12032023	172413
24454310	12032023	172400
00310447	12032023	172331
11047442	12032023	172319
24455159	12032023	172255
24455159	12032023	172254
00310447	12032023	172239
12954049	12032023	172214
12935963	12032023	172144
24454310	12032023	172139
10757030	12032023	172136
23659030	12032023	172130
24453700	12032023	172122
24454310	12032023	172115
24454310	12032023	172052
24454310	12032023	172003
24454310	12032023	172016
23713426	12032023	170257
12147375	12032023	170222
24454310	12032023	171937
24455079	12032023	171924
24454310	12032023	171922
00043625	12032023	171918
24454339	12032023	171858
24454310	12032023	171856
24454339	12032023	171821
24454339	12032023	171820
24454339	12032023	171820
24454997	12032023	171759
24454997	12032023	171758
05230250	12032023	171717
24454984	12032023	171701
24454984	12032023	171659
24454997	12032023	171621
24454997	12032023	171550
24454315	12032023	171539
24454315	12032023	171524
24454315	12032023	171523
10012566	12032023	171408
10012566	12032023	171405
24454339	12032023	171433
24454339	12032023	171432
10012566	12032023	171429
10012566	12032023	171401
10012566	12032023	171401
05230250	12032023	171308
10012566	12032023	171358
10012566	12032023	171354
24455161	12032023	171333
10012566	12032023	171332
24454339	12032023	171315
24455161	12032023	171314
24455161	12032023	171314
10012566	12032023	171209
10012566	12032023	171206
24455161	12032023	171236
24455161	12032023	171219
10012566	12032023	171212
00000001	12032023	171201
24454339	12032023	171109
05230250	12032023	171143
16736490	12032023	171141
10012566	12032023	171128
00042789	12032023	171026
19817418	12032023	171000
23747336	12032023	170117
23747336	12032023	170116
24455104	12032023	170039
00042937	12032023	170036
90000011	12032023	170002
24454997	12032023	170014
24453583	12032023	160930
24455004	12032023	160928
24455159	12032023	160804
24455004	12032023	160830
07859244	12032023	160758
24454339	12032023	160755
24454339	12032023	160750
24430682	12032023	160636
11102261	12032023	160617
00310447	12032023	165906
00350170	12032023	165947
00350170	12032023	165946
00043625	12032023	165943
00310447	12032023	165903
11110000	12032023	165925
24454908	12032023	165924
24455104	12032023	165856
24455001	12032023	165835
24453583	12032023	165817
24454339	12032023	165707
10219709	12032023	165751
24453583	12032023	165700
24453583	12032023	165656
24454339	12032023	165642
24454339	12032023	165641
02254427	12032023	165626
24454997	12032023	165601
24454997	12032023	165601
24454997	12032023	165559
24454997	12032023	165504
08959236	12032023	165454
24455126	12032023	165425
24454339	12032023	165401
24454339	12032023	165352
00043981	12032023	165339
24454339	12032023	165336
24454347	12032023	165249
24454347	12032023	165247
24454347	12032023	165246
24455159	12032023	165128
00041386	12032023	160545
24454347	12032023	160519
24454347	12032023	160514
24454347	12032023	164956
24454347	12032023	164953
00350170	12032023	164832
00350170	12032023	164829
00031184	12032023	164656
24436413	12032023	164643
24436413	12032023	164643
24455001	12032023	164636
00043625	12032023	164417
00043625	12032023	164417
24454407	12032023	164303
24454997	12032023	164329
24455161	12032023	164327
24454351	12032023	164318
24454909	12032023	164316
24454351	12032023	164314
24454407	12032023	164313
24454351	12032023	164312
00033640	12032023	164256
01028457	12032023	164205
24454351	12032023	164223
24454915	12032023	164212
24455161	12032023	164052
24455161	12032023	164051
24455161	12032023	164049
24455161	12032023	164046
24455161	12032023	164043
00037388	12032023	160436
24455161	12032023	163903
24454915	12032023	163754
00037388	12032023	163719
05234337	12032023	163448
05234337	12032023	163441
24455159	12032023	163416
00000198	12032023	163125
24455104	12032023	163056
24453831	12032023	160336
90000001	12032023	160321
24454339	12032023	162838
00350170	12032023	162749
24454339	12032023	162607
00043625	12032023	162648
24454339	12032023	162638
24454339	12032023	162610
10012566	12032023	162506
10012566	12032023	162503
10012566	12032023	162525
00350170	12032023	162521
10012566	12032023	162521
10012566	12032023	162514
10012566	12032023	162510
10012566	12032023	162459
10012566	12032023	162456
00350170	12032023	162455
10012566	12032023	162453
10012566	12032023	162449
10012566	12032023	162445
07859244	12032023	162426
00042937	12032023	162402
07039380	12032023	162415
00042937	12032023	162401
00040696	12032023	162341
00043980	12032023	162340
13013770	12032023	162303
24454347	12032023	162219
24454347	12032023	162212
00002437	12032023	162039
24455001	12032023	160235
24455159	12032023	160224
24453700	12032023	161954
00036602	12032023	161953
00036602	12032023	161943
10729411	12032023	161942
00000001	12032023	161935
00002437	12032023	161912
24454339	12032023	161826
24454339	12032023	161746
24455161	12032023	161627
06452296	12032023	161615
10012566	12032023	161519
24455159	12032023	161406
24455161	12032023	161447
24455161	12032023	161442
24455161	12032023	161425
24454339	12032023	161422
24455159	12032023	161354
24453583	12032023	161342
24454351	12032023	161204
24454351	12032023	161227
24454351	12032023	161219
24430682	12032023	161214
24430682	12032023	161213
24454351	12032023	161141
24454351	12032023	161140
00033925	12032023	161057
24454997	12032023	161005
24453583	12032023	161041
01028457	12032023	161029
24454351	12032023	161028
12954049	12032023	160125
24454347	12032023	160045
24454351	12032023	150955
24454339	12032023	150952
07918713	12032023	150944
00350170	12032023	150827
24455131	12032023	150725
24454339	12032023	150725
24455131	12032023	150720
24455001	12032023	150641
05230250	12032023	155939
00037388	12032023	155823
00350170	12032023	155503
24455001	12032023	155524
00350170	12032023	155501
00350170	12032023	155458
00350170	12032023	155454
00350170	12032023	155447
00350170	12032023	155444
00350170	12032023	155437
00350170	12032023	155432
00350170	12032023	155428
07859244	12032023	155426
00350170	12032023	155422
00033925	12032023	155419
00037388	12032023	155410
24444977	12032023	155133
24444977	12032023	155130
13013770	12032023	155026
00042939	12032023	150508
25101818	12032023	150506
25101818	12032023	150504
20263567	12032023	150528
23752952	12032023	150520
00037388	12032023	150520
23752952	12032023	150516
23752952	12032023	150514
00042939	12032023	150511
25101818	12032023	150501
24454984	12032023	154901
24454347	12032023	154620
24454347	12032023	154616
24454347	12032023	154615
24454351	12032023	154434
07901105	12032023	154422
12954049	12032023	154309
24455001	12032023	154356
24444977	12032023	154351
24455104	12032023	154240
24455104	12032023	154236
00043625	12032023	154021
12627244	12032023	150439
12627244	12032023	150436
20263567	12032023	150403
14913335	12032023	150428
24436413	12032023	150426
24436413	12032023	150426
24436413	12032023	150425
14913335	12032023	150425
24436413	12032023	150424
23848043	12032023	150418
00043861	12032023	150415
00043861	12032023	150412
00043625	12032023	153951
00043625	12032023	153950
24454339	12032023	153940
24454339	12032023	153932
24454984	12032023	153808
24455001	12032023	153851
01028457	12032023	153709
00037388	12032023	153748
10729411	12032023	153725
24453700	12032023	153402
07859244	12032023	153318
00037388	12032023	153300
06519670	12032023	153048
01028457	12032023	153043
09820608	12032023	150308
14849253	12032023	150306
12611086	12032023	150358
07050160	12032023	150355
07050160	12032023	150351
14849253	12032023	150305
14129780	12032023	150348
14129780	12032023	150345
12722638	12032023	150342
12510569	12032023	150339
12510569	12032023	150336
20263567	12032023	150331
07050385	12032023	150321
07050385	12032023	150320
20121352	12032023	150302
20263567	12032023	150318
09820608	12032023	150311
14114868	12032023	152927
14114868	12032023	152925
24454339	12032023	152703
24454339	12032023	152654
24454339	12032023	152349
24455079	12032023	152328
15049368	12032023	152300
24455131	12032023	152213
24455131	12032023	152212
00031184	12032023	152151
05230250	12032023	152019
00030094	12032023	150206
00030094	12032023	150206
20121352	12032023	150259
03827869	12032023	150258
03827869	12032023	150257
00003394	12032023	150255
00003394	12032023	150251
14861692	12032023	150248
14861692	12032023	150245
23737675	12032023	150245
23737675	12032023	150244
14861692	12032023	150242
20263567	12032023	150237
18102080	12032023	150236
18102080	12032023	150234
00310447	12032023	150203
03830993	12032023	150229
03830993	12032023	150226
14833206	12032023	150222
23901710	12032023	150219
07454046	12032023	150214
07454046	12032023	150211
25105751	12032023	150201
00002437	12032023	151856
00350170	12032023	151749
00350170	12032023	151742
24454347	12032023	151635
14114868	12032023	151542
14114868	12032023	151540
05230250	12032023	151537
00043625	12032023	151528
24454909	12032023	151524
24454909	12032023	151522
24454909	12032023	151518
24454909	12032023	151518
00409276	12032023	151407
24454351	12032023	151232
00409276	12032023	151218
24460674	12032023	151107
24460674	12032023	151104
11605400	12032023	151139
05357627	12032023	151131
05230250	12032023	151113
00043625	12032023	151042
25257377	12032023	150109
00043629	12032023	150106
25101812	12032023	150159
25101812	12032023	150156
03805639	12032023	150152
12444616	12032023	150150
12444616	12032023	150147
07037858	12032023	150144
25259513	12032023	150141
25234293	12032023	150104
09015902	12032023	150139
25233570	12032023	150136
07046307	12032023	150133
25235734	12032023	150128
25257257	12032023	150124
24455001	12032023	150121
25257257	12032023	150120
23715500	12032023	150115
23715500	12032023	150112
25219284	12032023	150100
01237084	12032023	150056
01237084	12032023	150054
25135706	12032023	150051
02232840	12032023	150050
25119978	12032023	150005
25119978	12032023	150005
02232840	12032023	150049
25135706	12032023	150048
06449367	12032023	150047
06449367	12032023	150046
02232840	12032023	150043
06449367	12032023	150043
14835471	12032023	150037
11538606	12032023	150032
24608143	12032023	150030
14926487	12032023	150028
14926487	12032023	150026
12617658	12032023	150024
00043860	12032023	150022
00045012	12032023	150018
25255122	12032023	150014
14115059	12032023	150011
23827143	12032023	150001
20020648	12032023	140912
24454314	12032023	140813
24454915	12032023	140649
24455079	12032023	140643
24455079	12032023	140643
24454915	12032023	140639
00042937	12032023	140625
24454351	12032023	140601
08151250	12032023	145909
24455001	12032023	145959
03827479	12032023	145958
03827479	12032023	145957
24455001	12032023	145954
20300897	12032023	145954
20300897	12032023	145953
24455001	12032023	145950
00310447	12032023	145948
20300897	12032023	145947
20062249	12032023	145945
25101813	12032023	145942
25101813	12032023	145940
00310447	12032023	145940
24454351	12032023	145939
00043628	12032023	145936
00310447	12032023	145936
00043628	12032023	145934
00310447	12032023	145932
11534436	12032023	145930
18511883	12032023	145926
11562202	12032023	145922
11562202	12032023	145921
22002767	12032023	145919
06538767	12032023	145913
08151250	12032023	145911
23851525	12032023	145808
00043625	12032023	145859
08321656	12032023	145854
19806409	12032023	145847
00043611	12032023	145845
25101820	12032023	145842
25249691	12032023	145838
25249691	12032023	145836
00043611	12032023	145833
25249691	12032023	145832
00043611	12032023	145830
00043614	12032023	145825
00043614	12032023	145824
11439138	12032023	145818
14863968	12032023	145813
23851525	12032023	145811
23749607	12032023	145753
23749607	12032023	145751
24454351	12032023	145737
24454351	12032023	145735
24454351	12032023	145732
24454351	12032023	145729
24454351	12032023	145725
13013770	12032023	145711
14134985	12032023	145606
12633422	12032023	145659
12633422	12032023	145657
00043625	12032023	145655
23929841	12032023	145652
23929841	12032023	145650
14134985	12032023	145604
24455131	12032023	145639
18117129	12032023	145638
18117129	12032023	145637
24454351	12032023	145632
13013770	12032023	145559
03833807	12032023	145556
06452296	12032023	145532
24454347	12032023	145524
24454347	12032023	145518
07035877	12032023	145407
07035877	12032023	145407
07035877	12032023	145405
21931329	12032023	145403
02251616	12032023	145401
00043660	12032023	145307
02251616	12032023	145359
00043351	12032023	145356
21931329	12032023	145346
14865405	12032023	145343
14865405	12032023	145342
24462516	12032023	145338
24462516	12032023	145335
24462516	12032023	145333
00043660	12032023	145303
08905421	12032023	145208
09001443	12032023	145259
11600792	12032023	145256
11351983	12032023	145252
08905421	12032023	145205
14861733	12032023	145247
08905311	12032023	145244
08231567	12032023	145203
09015825	12032023	145226
09015825	12032023	145224
25112108	12032023	145221
25112108	12032023	145216
01030708	12032023	145212
24454351	12032023	145211
01030708	12032023	145211
08231567	12032023	145200
24454351	12032023	145109
20215936	12032023	145108
08231567	12032023	145157
25219851	12032023	145153
14850333	12032023	145147
03808924	12032023	145142
03808924	12032023	145139
24454339	12032023	145138
24455135	12032023	145123
24454342	12032023	145117
13019621	12032023	145115
20215936	12032023	145111
07758721	12032023	145008
24454351	12032023	145059
03806113	12032023	145053
02229019	12032023	145050
24454351	12032023	145050
02229019	12032023	145046
24454351	12032023	145045
24454339	12032023	145045
00042912	12032023	145004
00044609	12032023	145033
24507573	12032023	145029
24507573	12032023	145026
06446733	12032023	145022
08905321	12032023	145002
25260687	12032023	145019
01225203	12032023	145016
06510123	12032023	145013
07758721	12032023	145011
24455161	12032023	144909
18532347	12032023	144908
24608140	12032023	144959
24608140	12032023	144957
00042861	12032023	144955
25219851	12032023	144953
00042861	12032023	144951
00043923	12032023	144947
01238962	12032023	144944
14839653	12032023	144941
20309645	12032023	144939
00043046	12032023	144935
00043350	12032023	144931
18532347	12032023	144903
06452357	12032023	144929
24454351	12032023	144926
00043718	12032023	144925
24454351	12032023	144922
00043643	12032023	144921
06513806	12032023	144918
24454339	12032023	144918
24464312	12032023	144914
00043716	12032023	144911
20301735	12032023	144859
20301735	12032023	144856
24454351	12032023	144855
14944939	12032023	144853
14944939	12032023	144850
12437354	12032023	144847
00043639	12032023	144844
12444594	12032023	144841
12444594	12032023	144838
12437363	12032023	144835
12437366	12032023	144831
00042911	12032023	144829
00042911	12032023	144826
24454351	12032023	144824
24454351	12032023	144823
21923106	12032023	144823
21923106	12032023	144820
00043625	12032023	144819
12444572	12032023	144817
12444572	12032023	144814
24454351	12032023	144801
24455161	12032023	144705
00043714	12032023	144722
12437340	12032023	144646
12437340	12032023	144643
01028877	12032023	144559
24454351	12032023	144536
00043625	12032023	144514
03828885	12032023	144510
24608141	12032023	144501
07025250	12032023	144308
24454351	12032023	144357
24464308	12032023	144355
24464308	12032023	144353
13056169	12032023	144347
23807799	12032023	144344
23704632	12032023	144340
07025250	12032023	144304
90000011	12032023	144334
08938851	12032023	144207
24454915	12032023	144241
24454351	12032023	144230
10012566	12032023	144224
08938851	12032023	144210
24455001	12032023	144139
24455001	12032023	144130
12712786	12032023	144120
24454407	12032023	144008
00043920	12032023	144019
24454915	12032023	144015
00043920	12032023	144015
24454351	12032023	140453
24454351	12032023	140453
24454351	12032023	140446
24454351	12032023	143944
00002437	12032023	143708
24454997	12032023	143731
24454351	12032023	143720
24454351	12032023	143710
24454351	12032023	143645
09015967	12032023	143600
09015967	12032023	143557
05234337	12032023	143546
05234337	12032023	143532
00310447	12032023	143531
24454351	12032023	143518
24454351	12032023	143513
24454351	12032023	143457
24454351	12032023	143453
24454347	12032023	143449
24454351	12032023	143445
24454339	12032023	143444
24454351	12032023	143441
24436413	12032023	143404
24454351	12032023	143438
24454351	12032023	143435
24454351	12032023	143344
24454351	12032023	143336
24454351	12032023	143303
24454351	12032023	143313
24454351	12032023	143258
24454351	12032023	143255
24454915	12032023	143252
24454915	12032023	143251
24455126	12032023	143248
24454915	12032023	143247
24454351	12032023	143246
24455126	12032023	143244
24454351	12032023	143242
24455126	12032023	143237
24455126	12032023	143237
24454339	12032023	143235
00036297	12032023	143227
00033925	12032023	143224
24454915	12032023	143109
24454915	12032023	143109
05317077	12032023	143122
24454915	12032023	143116
00044169	12032023	143053
03630705	12032023	140313
03630705	12032023	140312
24454915	12032023	142956
24455001	12032023	142945
24455135	12032023	142823
24454342	12032023	142817
13010663	12032023	142732
00350170	12032023	142730
00350170	12032023	142703
00350170	12032023	142723
00043991	12032023	142630
00043991	12032023	142624
00043991	12032023	142621
08213397	12032023	142617
08213397	12032023	142614
00043991	12032023	142612
00043991	12032023	142551
00043991	12032023	142537
00043991	12032023	142534
00043991	12032023	142528
00043991	12032023	142524
00043991	12032023	142520
00043991	12032023	142458
00043991	12032023	142454
00043991	12032023	142451
00043991	12032023	142444
00043991	12032023	142435
24455159	12032023	142319
05230250	12032023	142131
01028457	12032023	140244
24454351	12032023	140238
24455161	12032023	140236
24454315	12032023	140232
24454351	12032023	140229
24454347	12032023	141956
13010663	12032023	141806
24454310	12032023	141856
05231387	12032023	141853
24455001	12032023	141743
24455001	12032023	141733
24455001	12032023	141719
00039516	12032023	141624
19758748	12032023	141506
24453700	12032023	141553
20349217	12032023	141529
24454915	12032023	141333
24454915	12032023	141332
24455161	12032023	141135
24454339	12032023	141133
24454351	12032023	141120
24454351	12032023	141116
24454351	12032023	140155
24454351	12032023	140051
24454915	12032023	140034
24454915	12032023	140033
00043625	12032023	140022
00033337	12032023	130952
24454997	12032023	130942
24454339	12032023	130937
24454339	12032023	130936
24454339	12032023	130934
00033925	12032023	130913
24454997	12032023	130856
24454997	12032023	130854
24454339	12032023	130812
24454339	12032023	130811
24454997	12032023	130707
00409276	12032023	130737
24454915	12032023	130736
24454997	12032023	130605
24454997	12032023	130605
24454997	12032023	130601
05234337	12032023	135804
00310447	12032023	135826
24455126	12032023	135800
24454347	12032023	135704
05230250	12032023	135737
24455135	12032023	135502
24454342	12032023	135515
05317077	12032023	135409
24454342	12032023	135404
05231387	12032023	135350
05231387	12032023	135349
24455135	12032023	135323
24454342	12032023	135209
24454310	12032023	135212
24455001	12032023	135107
24454342	12032023	135151
24455001	12032023	135127
00029410	12032023	135113
24455001	12032023	135111
00350170	12032023	135017
24455131	12032023	130507
24454997	12032023	130558
24455126	12032023	134906
00350170	12032023	134806
24454915	12032023	134758
24454915	12032023	134756
00350170	12032023	134749
00350170	12032023	134746
24455001	12032023	134725
24455001	12032023	134724
24454997	12032023	134655
24454915	12032023	134640
00310447	12032023	134558
24455159	12032023	134557
24454339	12032023	134553
24453700	12032023	134525
24454915	12032023	134418
24454915	12032023	134417
24455126	12032023	134319
24453583	12032023	134222
24454915	12032023	134218
24454339	12032023	134006
24454339	12032023	134046
24454407	12032023	134033
24454997	12032023	130458
24455135	12032023	133937
24454351	12032023	133857
24454351	12032023	133823
24455001	12032023	133706
01028457	12032023	133607
24454351	12032023	133551
24454351	12032023	133544
24454997	12032023	133504
24454351	12032023	133459
24454351	12032023	133443
24455079	12032023	133438
24454351	12032023	133345
24454351	12032023	133333
24454997	12032023	133328
24454351	12032023	133316
24455131	12032023	133226
24454984	12032023	133105
20020648	12032023	133148
24454351	12032023	133036
24454351	12032023	133022
05317179	12032023	132806
24454351	12032023	132802
00043991	12032023	132753
24455126	12032023	132712
24454342	12032023	132530
24454342	12032023	132521
24454339	12032023	132409
24454339	12032023	132409
19821130	12032023	132456
24454315	12032023	132256
24454339	12032023	132254
03630705	12032023	132231
00409276	12032023	132159
24454339	12032023	132006
24454342	12032023	130224
24455126	12032023	130217
16016286	12032023	131923
24454915	12032023	131916
24454915	12032023	131858
24454339	12032023	131853
03010180	12032023	131851
24454339	12032023	131805
24454909	12032023	131658
00350170	12032023	131604
10012566	12032023	131603
00409276	12032023	131617
00350170	12032023	131600
00044169	12032023	131532
03010180	12032023	131427
05229860	12032023	131401
00409276	12032023	131329
00034498	12032023	131328
24454351	12032023	131300
24454407	12032023	131206
24454407	12032023	131213
10012566	12032023	131118
24455001	12032023	131008
24454339	12032023	130125
24454984	12032023	130020
24454984	12032023	120851
24454984	12032023	120850
24453856	12032023	120826
10012566	12032023	120751
10012566	12032023	120750
90000006	12032023	120716
24619535	12032023	120714
24454339	12032023	120620
24454339	12032023	120619
24455159	12032023	125904
24455131	12032023	125929
24455131	12032023	125926
24455131	12032023	125922
24454339	12032023	125840
24455001	12032023	125745
24454997	12032023	125656
24455135	12032023	125650
24454997	12032023	125635
24455126	12032023	125634
24455126	12032023	125634
24455126	12032023	125600
24455161	12032023	125554
24454997	12032023	125512
24455161	12032023	125450
24454347	12032023	125423
24454347	12032023	125333
06452296	12032023	125228
24454997	12032023	125103
24454997	12032023	125014
24454997	12032023	125012
24454997	12032023	124908
24455001	12032023	124936
24455126	12032023	124845
24455126	12032023	124842
24454997	12032023	124842
24454909	12032023	124840
00043991	12032023	124823
00409276	12032023	124659
24455126	12032023	124545
00409276	12032023	124543
24455126	12032023	124542
10012566	12032023	124413
24455126	12032023	124400
24455126	12032023	124356
24455126	12032023	124349
24455126	12032023	124346
24454997	12032023	124338
24455126	12032023	124332
01051659	12032023	124330
24455126	12032023	124258
24454915	12032023	124258
24455126	12032023	124242
00043625	12032023	124236
24455001	12032023	124216
10012566	12032023	124159
24454997	12032023	124147
24454997	12032023	124135
24454997	12032023	124131
24454915	12032023	124129
24454997	12032023	124125
24454997	12032023	124122
24454997	12032023	124114
00038520	12032023	124047
24454997	12032023	120444
10012566	12032023	120442
06452296	12032023	120432
24455126	12032023	120418
24454997	12032023	123958
24454997	12032023	123957
24454997	12032023	123804
00409276	12032023	123747
00310447	12032023	123729
00310447	12032023	123719
24454997	12032023	123719
06452296	12032023	123552
06452296	12032023	123551
06452296	12032023	123501
06452296	12032023	123454
24455001	12032023	123451
24454915	12032023	123352
24454915	12032023	123348
90000011	12032023	123335
24454997	12032023	123237
24455001	12032023	123237
03010180	12032023	123234
24454915	12032023	123234
24455001	12032023	123234
24455001	12032023	123228
24454915	12032023	123224
24454915	12032023	123220
24436413	12032023	123130
24436413	12032023	123129
24454997	12032023	123028
24454997	12032023	120353
24454997	12032023	120341
24455001	12032023	122853
06329293	12032023	122826
05230250	12032023	122546
24455001	12032023	122448
24453856	12032023	122305
24455126	12032023	122325
24455126	12032023	122204
24454347	12032023	122156
24454339	12032023	122151
24454339	12032023	122103
24454984	12032023	122113
24454347	12032023	122005
24454315	12032023	122041
24454315	12032023	122028
24454347	12032023	122012
24455135	12032023	120246
00039516	12032023	120243
24454315	12032023	120224
24454315	12032023	120216
24455134	12032023	121926
24454339	12032023	121825
24454339	12032023	121824
24454339	12032023	121823
24454339	12032023	121820
24454351	12032023	121820
00039516	12032023	121658
00034498	12032023	121647
10757030	12032023	121646
24454351	12032023	121639
24454351	12032023	121637
00043625	12032023	121633
24454351	12032023	121633
24454351	12032023	121624
13013770	12032023	121539
24453583	12032023	121417
24453583	12032023	121411
00037165	12032023	121308
24453700	12032023	121359
00043981	12032023	121305
24454339	12032023	121304
24454351	12032023	121227
24454351	12032023	121218
05230104	12032023	121118
24453856	12032023	121023
10757030	12032023	120139
24455135	12032023	120055
00033925	12032023	120027
24454915	12032023	110930
24455001	12032023	110833
24422033	12032023	110826
10729411	12032023	110719
24455135	12032023	115918
24455135	12032023	115915
24455135	12032023	115912
24454997	12032023	115824
24454997	12032023	115752
24455135	12032023	115657
19758748	12032023	115654
05230250	12032023	115637
05230250	12032023	115504
24454351	12032023	115451
06452296	12032023	115419
24454351	12032023	115417
24454351	12032023	115350
24454407	12032023	115110
24454407	12032023	115100
10756562	12032023	115025
24453831	12032023	115000
03630705	12032023	110541
07859244	12032023	110504
24422033	12032023	110537
24454997	12032023	114920
00043981	12032023	114858
24454997	12032023	114834
24454339	12032023	114829
24454339	12032023	114813
24454339	12032023	114810
24454339	12032023	114708
24454339	12032023	114750
24454339	12032023	114747
00038520	12032023	114645
06452296	12032023	114643
00000001	12032023	114628
00409276	12032023	114508
05234337	12032023	114551
00038520	12032023	114533
24454339	12032023	114531
24455131	12032023	114516
24455126	12032023	114312
24454339	12032023	114249
24454339	12032023	114226
24455001	12032023	114106
24454339	12032023	114135
24455001	12032023	114111
24453700	12032023	114054
18161406	12032023	114024
24453583	12032023	110406
24453583	12032023	110406
24454314	12032023	110439
24454314	12032023	110438
24455002	12032023	113959
24454908	12032023	113958
24454908	12032023	113955
24455002	12032023	113948
24422033	12032023	113919
03831639	12032023	113704
24422033	12032023	113737
24455079	12032023	113731
24455079	12032023	113714
24455079	12032023	113700
24455079	12032023	113658
24455079	12032023	113641
24455079	12032023	113622
24455079	12032023	113619
24455079	12032023	113619
13013770	12032023	113509
24455001	12032023	113406
11110000	12032023	113336
05317077	12032023	113042
24454347	12032023	113031
24454347	12032023	113025
11440760	12032023	113024
06452296	12032023	113002
24454310	12032023	110327
24422033	12032023	112959
03831639	12032023	112825
24455001	12032023	112747
24454347	12032023	112745
00044888	12032023	112719
24430682	12032023	112555
00043625	12032023	112408
00043625	12032023	112422
00043625	12032023	112402
00043625	12032023	112418
00043625	12032023	112415
00043625	12032023	112412
00043625	12032023	112354
00043625	12032023	112350
00043625	12032023	112350
05317077	12032023	112346
05317077	12032023	112344
00043625	12032023	112330
24455001	12032023	112231
24436413	12032023	112058
24453583	12032023	110228
24454315	12032023	110226
24455001	12032023	111943
05234337	12032023	111856
24454342	12032023	111840
24454342	12032023	111834
24454342	12032023	111638
24454339	12032023	111635
24455135	12032023	111601
24455135	12032023	111558
24455135	12032023	111552
01007969	12032023	111551
01007969	12032023	111550
19821130	12032023	111543
00310447	12032023	111453
24454310	12032023	111436
24453700	12032023	111430
03010180	12032023	111307
00000015	12032023	111354
19821130	12032023	111341
24454339	12032023	111339
24454339	12032023	111339
24454339	12032023	111339
24454347	12032023	111209
24454339	12032023	111205
24455001	12032023	111233
24455001	12032023	111227
24422033	12032023	111218
24454339	12032023	111155
00000198	12032023	111125
24454915	12032023	111009
24454347	12032023	111059
24453583	12032023	110118
24453583	12032023	110115
24453583	12032023	110112
24455001	12032023	110007
24455126	12032023	110011
24454915	12032023	100910
00043625	12032023	100842
00043625	12032023	100821
00043625	12032023	100724
15049368	12032023	105913
00043625	12032023	105857
24455126	12032023	105828
24454310	12032023	105825
24453700	12032023	105751
24453700	12032023	105657
24453700	12032023	105651
19821130	12032023	105635
05230250	12032023	105506
24455001	12032023	105547
24422033	12032023	105459
00000015	12032023	105442
24453700	12032023	105435
00031184	12032023	105424
00044781	12032023	105424
24453700	12032023	105351
05230075	12032023	105207
05230250	12032023	105007
90000011	12032023	105022
24454339	12032023	100551
24454339	12032023	100512
24454315	12032023	104836
24454314	12032023	104830
05230250	12032023	104734
24454314	12032023	104643
24455126	12032023	104541
00031184	12032023	104457
24453583	12032023	104447
24453583	12032023	104305
24453583	12032023	104331
24453583	12032023	104301
24453583	12032023	104258
24453583	12032023	104254
24455126	12032023	104251
24453583	12032023	104248
00040857	12032023	104210
19821130	12032023	104139
00000015	12032023	104123
24454339	12032023	100442
24454997	12032023	103949
24455126	12032023	103853
24454515	12032023	103817
24454515	12032023	103816
24454515	12032023	103812
05230250	12032023	103658
00043625	12032023	103621
24454339	12032023	103552
24454310	12032023	103515
24455001	12032023	103443
15049368	12032023	103433
24454315	12032023	103433
15049368	12032023	103426
24454515	12032023	103425
24454515	12032023	103423
24454315	12032023	103419
00039516	12032023	103206
24422033	12032023	103223
24455079	12032023	103220
24444977	12032023	103013
01028457	12032023	100349
24454339	12032023	100335
24422033	12032023	102947
24422033	12032023	102919
24422033	12032023	102916
24454984	12032023	102732
15049368	12032023	102700
24422033	12032023	102500
24454339	12032023	102420
24454339	12032023	102326
24454339	12032023	102315
24455126	12032023	102209
24454339	12032023	102225
05230250	12032023	102216
24453700	12032023	102158
24453700	12032023	102149
00350170	12032023	102055
01051659	12032023	102052
24454997	12032023	100256
24436413	12032023	100253
05230250	12032023	100222
00000015	12032023	101840
24454997	12032023	101801
00044610	12032023	101705
24436413	12032023	101734
24436413	12032023	101734
24454915	12032023	101644
24454915	12032023	101631
24454915	12032023	101554
24454407	12032023	101534
24454984	12032023	101310
24455131	12032023	101139
24454915	12032023	101028
00044610	12032023	100112
05230075	12032023	100028
05230075	12032023	100028
24455104	12032023	015726
20301735	12032023	000308
12444594	12032023	000348
12444594	12032023	000345
18117129	12032023	000304
12437363	12032023	000337
12437363	12032023	000333
18117129	12032023	000303
06452357	12032023	000329
06452357	12032023	000326
03808924	12032023	000321
03808924	12032023	000317
20301735	12032023	000314
14861733	12032023	000300
12633422	12032023	000208
07038094	12032023	000255
07038094	12032023	000252
11600792	12032023	000205
03833807	12032023	000249
12712786	12032023	000246
20349217	12032023	000240
08905311	12032023	000233
08213397	12032023	000228
08213397	12032023	000224
20215936	12032023	000202
08905311	12032023	000219
11351983	12032023	000212
09001443	12032023	000107
20215936	12032023	000151
00043046	12032023	000105
08938851	12032023	000149
08938851	12032023	000146
01028877	12032023	000143
25112108	12032023	000141
00043660	12032023	000137
06510123	12032023	000135
21923106	12032023	000132
14839653	12032023	000129
24507573	12032023	000127
12444572	12032023	000124
12437340	12032023	000120
25260687	12032023	000102
00043718	12032023	000117
24464312	12032023	000115
12437354	12032023	000113
00043639	12032023	000110
